81.3305166519 29.9668428531 0 0.91814632988 25
25.9684625881 26.4424294763 0 0.818699091078 25
296.638346987 25.2488373486 0 0.803133897261 25
53.5755658633 25.7483699963 0 0.685963998018 25
327.217383152 25.2581434793 0 0.753046139815 25
151.825576441 29.2102711623 0 0.773138787203 25
212.574441264 25.8617702592 0 0.943124201243 25
182.104312937 25.8160187247 0 0.75347431608 25
23.6233114873 29.5858460857 0 0.804944570254 25
315.155144317 25.0803316443 0 0.735551904394 25
2.99783518276 25.9310957261 0 0.904865164006 25
321.453416514 25.2863655949 0 0.65579841309 25
161.445789641 27.0618951536 0 0.945758968026 25
358.484115488 25.3062814228 0 0.812875478017 25
300.348388967 26.6975085601 0 0.727930375171 25
192.097014232 26.7954615267 0 0.900000241969 25
207.359301088 29.9416254393 0 0.931936985519 25
13.8810454948 28.9603248615 0 0.789004525424 25
189.411035393 29.027216119 0 0.886484532105 25
319.731317047 26.7896116951 0 0.793017860379 25
139.106166587 26.8686903894 0 0.914912980364 25
92.2388141472 26.4234940545 0 0.741601616599 25
109.277857863 27.5103626173 0 0.854334092405 25
68.9300380021 27.4271264579 0 0.777229068912 25
