155.067321153 25.3119787074 0 0.828278661341 25
80.2969653957 28.0997802179 0 0.71661652249 25
25.8418908841 27.9172742675 0 0.717264647419 25
283.987240904 26.2105914683 0 0.664139057002 25
145.969533704 28.9508021032 0 0.683429730241 25
234.661274008 25.1047105459 0 0.714507374148 25
242.332169337 29.3854681273 0 0.66188306418 25
59.327606224 29.1067785937 0 0.879705719705 25
120.323114254 25.1965323832 0 0.909542720386 25
168.395334749 29.9348713538 0 0.939170229231 25
137.226770139 26.9759433278 0 0.795831411448 25
23.1232304163 29.2640937983 0 0.705865851385 25
96.470025989 27.6437616365 0 0.773870060168 25
289.271424569 29.9856003387 0 0.878295099399 25
20.677160619 26.3624823208 0 0.685222186962 25
355.774332756 28.8034920567 0 0.651465297648 25
2.81081609015 26.0204927285 0 0.844353011098 25
282.651931865 29.7711448912 0 0.893650047848 25
211.326143002 28.304441815 0 0.731831823277 25
34.9193916791 29.7212364024 0 0.878273992435 25
180.506624419 26.0829566057 0 0.674660914342 25
142.254218716 26.9831516963 0 0.813920078655 25
164.058759791 26.6356372992 0 0.792402797767 25
263.535580106 27.6642847404 0 0.846150846033 25
