319.893327489 25.9959662221 0 0.867834934857 25
49.1212432273 28.7368651268 0 0.826504882615 25
111.14364607 29.6906651815 0 0.836405171079 25
104.095134029 25.7633417437 0 0.90595270478 25
158.606240089 28.0346197169 0 0.905277575054 25
55.7054714243 28.4085636263 0 0.919296829477 25
166.994795392 26.7380650085 0 0.679171135923 25
194.93457099 28.8891055855 0 0.759124310963 25
132.219426067 25.7103919192 0 0.872979770484 25
13.5363572186 27.0085107233 0 0.788191736756 25
183.921551501 26.8255174468 0 0.848032896535 25
75.0292645363 29.1356768447 0 0.898285185946 25
127.370903472 29.1057860821 0 0.86770557369 25
328.941946859 25.3198428064 0 0.770736176533 25
81.4171592136 26.0558573133 0 0.847692381315 25
116.579174941 27.8952520987 0 0.696083456383 25
352.324726008 26.3885406894 0 0.820312884276 25
127.530603571 27.1598285419 0 0.868346942195 25
48.1363999248 25.7688950507 0 0.670879343733 25
84.2097038534 25.0234542832 0 0.875832592124 25
326.634573957 25.0094741807 0 0.719049045981 25
129.656414527 25.7143170687 0 0.875791006963 25
1.44898751433 29.4990444281 0 0.729838271608 25
113.393771175 25.6288632616 0 0.756917280542 25
