173.304558954 28.5943307325 0 0.871105838288 25
61.1017485809 25.4983031437 0 0.86429994294 25
236.873088465 28.6811965512 0 0.809359874511 25
297.747594723 27.4225503579 0 0.84885959581 25
46.2511258829 26.0451129264 0 0.721243789655 25
182.102062296 28.9610857382 0 0.78316039558 25
308.008329972 26.5189011053 0 0.753847124878 25
57.6522564877 28.7902732092 0 0.679498433863 25
308.56179333 25.436731901 0 0.780177686244 25
164.279677917 28.6233496079 0 0.847762676914 25
184.535623319 29.2654664736 0 0.755530010295 25
17.2500487547 29.9669494416 0 0.821569616503 25
166.783351347 26.6461066651 0 0.698349029261 25
355.068383695 25.9632514612 0 0.886252754532 25
71.333296164 27.6962185286 0 0.924943049642 25
332.622341225 28.6028297257 0 0.736475189485 25
118.971508837 29.3038467841 0 0.863818825067 25
319.491493763 27.717145812 0 0.865313039926 25
221.479522812 29.4627002725 0 0.936945509516 25
49.9286991507 26.3886363056 0 0.765972440757 25
348.328999152 25.2292001277 0 0.70980037655 25
256.537533527 27.5798453139 0 0.874092100251 25
52.0153520661 27.6552880929 0 0.848977439792 25
250.761610803 28.3442081404 0 0.911450282078 25
