157.969000135 25.928833429 0 0.725678389632 25
253.095416743 29.9170822786 0 0.721901046538 25
280.244745599 26.8851444165 0 0.916408174216 25
170.673685395 25.4951861045 0 0.6712121284 25
113.745468009 26.8390646683 0 0.895114090336 25
36.6941871345 25.0109110475 0 0.869581643195 25
347.869166629 28.5931393115 0 0.937596181804 25
322.566607061 26.3086665777 0 0.727067428277 25
353.162430197 29.8106647489 0 0.873080137705 25
54.8344474844 25.875097054 0 0.931670882478 25
196.53558912 28.6193467015 0 0.898861222921 25
6.58099864011 27.3889340096 0 0.656036503933 25
162.033728211 27.5474939167 0 0.942659596764 25
121.578703573 28.0203809138 0 0.782608263399 25
61.5138756714 26.7046054063 0 0.883540873929 25
129.544092887 26.8781400363 0 0.761038036012 25
224.367722701 26.7103719359 0 0.794188115896 25
184.255906857 25.9073832788 0 0.882445869101 25
244.622537105 25.8460411241 0 0.808282029886 25
81.6979400039 28.4631208136 0 0.737062515192 25
199.791024771 25.1007802618 0 0.804164496895 25
254.511939357 27.1433023574 0 0.769258234681 25
75.3992916985 27.3219317024 0 0.718869418457 25
75.2275888844 25.1188016279 0 0.860754182065 25
