80.6684249776 25.8988151201 0 0.928168295904 25
12.2878640098 28.2951391042 0 0.93643001508 25
326.931618063 27.4272062742 0 0.736917190397 25
358.600937708 29.4389201604 0 0.938526963526 25
94.7634947738 29.2125660113 0 0.912904774379 25
355.118704294 29.4176216009 0 0.72196120883 25
259.031433645 29.2956638996 0 0.88882951252 25
316.398470083 27.1872093516 0 0.907248540602 25
198.676259309 26.0898570782 0 0.742753795615 25
265.65727326 25.2668578229 0 0.849054436864 25
214.317199856 27.5694244186 0 0.840753407961 25
157.065124064 26.6026625796 0 0.69435938712 25
127.06923786 28.7861738265 0 0.837575401676 25
221.173055401 25.5792240013 0 0.916608932038 25
324.908972252 25.4008968025 0 0.683208530582 25
290.720856533 28.4347357516 0 0.938412453774 25
214.661507463 27.253094533 0 0.729961109026 25
246.295866347 29.5936436992 0 0.836116623863 25
123.184720266 27.2116378266 0 0.797519643393 25
349.476310156 25.5841438297 0 0.888512537708 25
171.523312337 28.2766446303 0 0.882676465719 25
223.568099595 28.0601764147 0 0.934785168567 25
205.661968104 25.9001847232 0 0.774438283851 25
260.574108374 29.9208670765 0 0.687954210924 25
