72.5602937803 25.3610406996 0 0.797383461685 25
273.590583573 28.1014285021 0 0.656465439908 25
269.135167719 26.0564323359 0 0.697348605472 25
7.676114002 29.3792461056 0 0.939152091995 25
28.4801024322 28.2039224816 0 0.827610525343 25
129.672139647 28.1897907054 0 0.890227707083 25
178.461478165 26.0724048885 0 0.832919469832 25
292.570317207 26.7443661252 0 0.656738514933 25
322.243908533 27.6253815063 0 0.93946880736 25
327.964472595 28.8995047441 0 0.826844813863 25
173.549322802 26.4203281364 0 0.733169888764 25
46.8578047802 27.979227785 0 0.831347832754 25
293.594052029 29.793367423 0 0.840408055995 25
201.04645207 25.7626080467 0 0.934869472415 25
278.432241923 29.4616051205 0 0.843091121619 25
124.940701178 27.4648794159 0 0.723045010242 25
238.754377244 25.0971869411 0 0.736703056162 25
72.4684667642 26.9449646298 0 0.796210943988 25
149.166191519 25.9802353137 0 0.806634143113 25
166.230431902 28.1146072191 0 0.820417985128 25
302.281704876 25.1990192343 0 0.743895609023 25
68.0928367903 26.0292432886 0 0.854195118683 25
240.769245503 29.826913089 0 0.832135182703 25
144.01058362 28.1240584816 0 0.903158308308 25
