192.118809917 26.8378325993 0 0.771298837866 25
325.351478282 27.2554968045 0 0.762294692036 25
336.028989983 27.9839110547 0 0.748626868836 25
89.2951476585 26.5525913558 0 0.900845289252 25
244.768238855 28.8333489637 0 0.734472799558 25
314.302386236 25.129523366 0 0.905688346892 25
225.288992396 28.5831823048 0 0.727152581857 25
302.120473345 26.8588791884 0 0.82806822324 25
337.832970707 28.4077139336 0 0.926286159876 25
226.981535141 25.955967879 0 0.909836129341 25
6.84290217781 26.0393746131 0 0.926748800485 25
254.932957855 29.297439007 0 0.734373813942 25
302.466238504 28.9162771396 0 0.889287175828 25
220.699350919 29.8900417745 0 0.937705339782 25
55.660309243 28.5013109659 0 0.757867444051 25
140.034539456 26.3974593493 0 0.848875361626 25
170.273125748 28.8963966232 0 0.931852827871 25
300.183119736 29.96658812 0 0.94286466241 25
65.8279471437 28.7676598243 0 0.669883020202 25
248.352124293 25.791605309 0 0.918787066862 25
261.149122005 27.1003933068 0 0.942041251329 25
344.738514384 27.5407569302 0 0.913496025451 25
340.133484781 27.365794951 0 0.932327654788 25
8.8962779014 26.9682177557 0 0.934565433921 25
