157.514780138 25.2871623201 0 0.707735596253 25
185.530145916 29.2243070025 0 0.658694659403 25
65.5989980579 27.2914200688 0 0.851076748661 25
225.910744707 27.2836914496 0 0.685127688214 25
308.790819048 25.4872456197 0 0.750060922494 25
87.0836307986 28.6477893732 0 0.933575565077 25
234.15737504 26.0411662905 0 0.796175947062 25
107.645597433 27.6194554554 0 0.905780600299 25
295.867572656 27.6546451218 0 0.679227390945 25
1.08469615713 25.6004325668 0 0.748522280157 25
234.930846658 26.3994541302 0 0.861979699172 25
101.560836348 26.3286816836 0 0.798998493367 25
316.642798675 29.9587191547 0 0.87168470445 25
182.123354195 28.3356376713 0 0.696328752524 25
178.028547946 27.3026264368 0 0.945453862524 25
98.8819726494 28.5091019571 0 0.767160139737 25
49.283363066 25.052277951 0 0.851017626725 25
48.1884246353 26.491589244 0 0.764667482001 25
142.243984616 28.7067744476 0 0.884303932197 25
165.327821034 29.6448304589 0 0.86768956371 25
319.097839623 25.4808632177 0 0.786907997946 25
43.4022263501 26.1171548346 0 0.71131616571 25
88.0778950135 28.2490823498 0 0.68017195095 25
232.912811006 26.1344545335 0 0.810695053055 25
