315.792669614 29.0678245257 0 0.801812786327 25
95.5730878789 25.1843048135 0 0.764776323288 25
290.343700793 28.5410005896 0 0.728007305076 25
354.988683563 27.4768451943 0 0.869331498414 25
0.479708700231 29.4985662264 0 0.756015190369 25
178.190475068 25.0217613802 0 0.653347744103 25
119.714780489 29.4299032769 0 0.654662775465 25
126.072431793 25.8132417937 0 0.769671081117 25
91.4004634076 27.8115311093 0 0.873681182478 25
204.377327292 26.5182772892 0 0.687212550743 25
108.832734522 28.4453851957 0 0.804128695606 25
333.571097095 28.6119311829 0 0.674043197677 25
53.5902040308 29.7826204159 0 0.817234814418 25
63.1779983157 27.0410989015 0 0.688754357033 25
18.3918587525 27.5950217341 0 0.698179067843 25
249.952386746 29.2790494262 0 0.843030223587 25
241.659382467 26.9403904004 0 0.901593079617 25
62.2604317465 25.5104318795 0 0.933897456782 25
295.511413323 29.8038677012 0 0.737727037295 25
301.052402968 28.0041901826 0 0.66844538249 25
114.815469372 25.5652645335 0 0.787486592537 25
176.590726287 26.4025127564 0 0.767994640938 25
18.7815762685 28.5942441979 0 0.942083526865 25
327.55826969 29.0284436369 0 0.68480753955 25
