96.9776420743 29.2904861661 0 0.826388166677 25
340.393617901 25.2076140227 0 0.854896487669 25
271.428267095 25.4558287523 0 0.70030795894 25
59.556642719 27.4232170808 0 0.76405084859 25
90.0202176606 26.247529236 0 0.873876680051 25
332.903665974 25.8068981392 0 0.66634416742 25
339.083261357 26.278381688 0 0.743116585371 25
267.634039847 26.0888435871 0 0.927098977988 25
269.941983684 26.8626260675 0 0.72272223853 25
44.2186610838 28.7175725886 0 0.709245262043 25
312.14122073 28.2343838215 0 0.738675613533 25
294.014492864 29.5501823715 0 0.90120931925 25
100.660488699 27.4126661634 0 0.68522680743 25
156.213334197 28.740314045 0 0.927716227936 25
20.3290937099 28.5664224992 0 0.689044697316 25
338.310498271 28.0364605828 0 0.939883453243 25
345.77614911 25.9823997235 0 0.807927669362 25
42.9709919715 28.8633848163 0 0.816767310197 25
259.430613717 27.0061810922 0 0.918336443193 25
46.6438128403 28.505212808 0 0.69421314233 25
140.978641254 25.2574484512 0 0.746651227303 25
304.132370141 29.797825676 0 0.871281247459 25
320.825306759 29.7215323552 0 0.801519532502 25
59.4795520027 27.1580077845 0 0.717257864811 25
