295.686281092 29.1691648001 0 0.674250591559 25
117.044035105 26.3212012996 0 0.873063706398 25
86.9611116067 25.7100670897 0 0.687348078345 25
289.817915531 26.2278464288 0 0.794682365762 25
55.7997019973 26.1129915064 0 0.816526612646 25
216.864820088 25.6397918157 0 0.729563047672 25
53.7400162219 27.6670919245 0 0.713247791382 25
78.4258755375 25.7373657046 0 0.65777889894 25
297.107567095 27.257961607 0 0.800349319546 25
192.372240281 28.6311762114 0 0.825616625613 25
263.987009376 29.9497419402 0 0.917788168975 25
312.167372164 25.3756957331 0 0.857982346735 25
164.4202718 28.943208832 0 0.821730158268 25
165.879787275 29.6691871344 0 0.886011003801 25
72.9476169503 29.4630398099 0 0.805869645062 25
243.161158307 28.0931667637 0 0.926592121512 25
138.665666506 28.6486943198 0 0.895259480371 25
43.2845766288 28.1190702318 0 0.886678491147 25
106.998751884 25.617475678 0 0.735863787812 25
233.447232835 26.7693681568 0 0.75110034913 25
216.394787035 27.1135408136 0 0.845441648763 25
68.3789925543 29.7167655371 0 0.893529187801 25
17.9911189001 26.8239824882 0 0.750118115717 25
283.943606273 25.5956431657 0 0.926530404622 25
