136.829040395 29.6242920128 0 0.687021665063 25
29.4287675285 26.4095390868 0 0.793469670955 25
105.575756958 28.0094593293 0 0.690889524441 25
347.392297302 28.9652212708 0 0.723496804984 25
132.221801591 28.4448960165 0 0.718467982127 25
265.162234473 28.6267084858 0 0.73934609114 25
230.066127853 29.5728715007 0 0.874993770697 25
164.716459977 26.2949461268 0 0.823458518086 25
81.9335604628 27.3797605073 0 0.692529107259 25
199.082203865 28.682982541 0 0.889068015178 25
8.83215587763 27.2129400021 0 0.788614200356 25
221.202013353 27.6740908844 0 0.860865691754 25
88.7473514493 29.8684301791 0 0.92964018723 25
125.724767566 28.9218560172 0 0.905620043828 25
166.481016401 27.5000779456 0 0.677264538117 25
99.6478226197 26.0389694698 0 0.852491118797 25
65.874207798 29.6855001657 0 0.943326861761 25
296.250487597 29.0424231063 0 0.798380039938 25
287.449746694 27.525397448 0 0.828707682958 25
357.997589619 28.0944175729 0 0.69078986476 25
69.8071516547 29.8001541799 0 0.695898764765 25
20.9456882562 27.9357438971 0 0.720169613594 25
109.318374137 28.5858456855 0 0.904533785454 25
151.14800402 29.3540262042 0 0.874796541238 25
