244.259072294 26.2696570103 0 0.748389010793 25
334.033891571 28.9703356367 0 0.909462319054 25
9.20929090499 27.5409751057 0 0.862887738262 25
248.960087627 25.6997033982 0 0.829139457993 25
99.5676166229 25.5979478447 0 0.92351895967 25
189.779500946 28.6609724994 0 0.944197833534 25
235.877155927 28.95191919 0 0.828267139703 25
205.091783835 27.9358969189 0 0.812973608979 25
172.96561185 27.7882143286 0 0.659240611228 25
283.67899953 25.6264941625 0 0.749406287737 25
258.336017129 25.3620958854 0 0.850537250286 25
6.42073844994 27.0817778917 0 0.652309393158 25
42.8067351786 27.3889584088 0 0.947107410225 25
152.024864119 25.6065421068 0 0.868886616324 25
180.671571091 26.4040809998 0 0.874544606783 25
188.001394203 25.2316252777 0 0.695776537821 25
318.031911548 25.2130040958 0 0.708765207632 25
34.8487759968 27.2983859598 0 0.741615534749 25
169.424601264 29.6067166437 0 0.836126259814 25
347.800819481 27.4409497242 0 0.83745350929 25
174.562129707 25.0848796139 0 0.805915357173 25
73.7354445801 29.3214785821 0 0.773050895143 25
275.985750481 27.5497970685 0 0.81952919638 25
306.274311305 29.0851754831 0 0.871436404166 25
