63.6239836198 29.3970605614 0 0.728115519439 25
170.094307538 27.1327376529 0 0.689061570973 25
114.844265242 26.2933062443 0 0.729929136819 25
281.93513714 26.9422723675 0 0.826937565567 25
303.142220234 25.7065264266 0 0.865433216932 25
335.44060537 28.4313144461 0 0.711671764062 25
11.8493277231 26.1905884397 0 0.830085817681 25
181.876003312 28.450089816 0 0.758635527408 25
338.13489672 28.4641798538 0 0.672413525397 25
105.709453613 26.3766269418 0 0.711972789601 25
355.160021196 29.6821603908 0 0.867187410896 25
288.557911164 25.261551862 0 0.717427640361 25
318.619406787 26.067154718 0 0.874848265149 25
289.104473809 29.1716174971 0 0.8786921428 25
254.321317516 29.498375508 0 0.685050548217 25
270.86472486 29.2429828255 0 0.711419014236 25
278.790740219 25.7918909091 0 0.746333422327 25
105.666755237 29.3849334271 0 0.783710877835 25
177.568456044 29.4187463017 0 0.778823254842 25
218.224697257 29.2195423426 0 0.909880868041 25
132.794618317 29.7092013165 0 0.80926944994 25
60.1608258035 25.3705087255 0 0.877605099915 25
87.533830243 26.134965427 0 0.84538026726 25
358.257257999 29.1022480498 0 0.851618614112 25
