14.5753191228 25.5003068972 0 0.765563632132 25
312.472526442 29.3177695231 0 0.809348964877 25
296.302252226 26.6688663712 0 0.866196751931 25
62.5324522219 27.0038235762 0 0.860906216647 25
53.3599175798 27.8986659814 0 0.662337480042 25
267.714942691 26.2695296939 0 0.888809344229 25
63.4857974114 27.109159991 0 0.708112131141 25
73.052936238 25.8578567911 0 0.771541711107 25
320.321720899 28.4293819166 0 0.71804825824 25
295.174932602 25.2640634443 0 0.822114130322 25
156.76752183 27.7290534522 0 0.942751687993 25
5.24416317561 25.6644191927 0 0.785964371201 25
330.176219048 26.4307678739 0 0.841888156996 25
93.6026034452 25.2271656777 0 0.80652036683 25
39.9440459093 26.0300218195 0 0.766475741231 25
207.904711701 27.1107057913 0 0.903316960393 25
212.946550237 27.7877235089 0 0.752951779466 25
59.4082302814 29.539387277 0 0.933459045518 25
81.1983123406 26.4978939474 0 0.933544892959 25
78.7484546499 28.8743552006 0 0.693480284297 25
81.2480604466 27.1546182198 0 0.818395040224 25
80.8270497413 28.8776522141 0 0.681868176523 25
203.659415465 25.3428663237 0 0.914217853229 25
196.052447994 29.416147039 0 0.883390022937 25
