190.121819923 26.3405838532 0 0.864037048966 25
33.9979317929 26.6675126517 0 0.659215417335 25
298.55463495 29.4282856505 0 0.76265486912 25
112.965568648 27.6551865152 0 0.650911277886 25
5.00525857093 27.6186255879 0 0.818303856613 25
275.994557484 29.4028900481 0 0.875297686634 25
115.093463329 28.6253771361 0 0.701974033883 25
341.168443875 27.3941848087 0 0.944676662152 25
133.672835832 25.4736763182 0 0.705938227584 25
321.589344591 29.8042418495 0 0.808863387302 25
261.827949546 25.8860018994 0 0.668702955016 25
49.2588774817 25.0365544014 0 0.693010386983 25
235.313050079 28.3175368132 0 0.918025627754 25
177.135360532 29.1300455987 0 0.696022787352 25
225.706330371 26.4788671856 0 0.733604027566 25
166.196452957 27.2865742189 0 0.910822486893 25
108.730790001 28.0565256902 0 0.795566972971 25
258.952785738 27.4599085819 0 0.760711095404 25
293.394702477 27.1377062649 0 0.882299070171 25
85.596844426 25.0614717675 0 0.801073566956 25
181.437165139 28.6467882781 0 0.826055434341 25
197.647245056 26.7255580682 0 0.722009168048 25
117.739203779 28.6532627985 0 0.815596858796 25
23.2065078397 25.8321522931 0 0.736775301464 25
