137.519210197 29.1673685854 0 0.81762694236 25
201.304238655 28.416005682 0 0.838154223511 25
58.0339952265 28.814907017 0 0.745779317547 25
218.338512417 25.7146539093 0 0.752393923988 25
328.518452334 26.1380844955 0 0.844176095707 25
141.583683257 29.5984394798 0 0.907995720195 25
156.895171172 28.4310347059 0 0.658954456565 25
236.19076912 28.467359193 0 0.817527180069 25
254.565579884 29.5565996664 0 0.742280904612 25
98.7831692303 28.5625946958 0 0.834278695835 25
122.392377586 27.6691424207 0 0.867359287315 25
289.571453628 27.5865586608 0 0.818750445228 25
256.097888921 25.870566141 0 0.771123787143 25
339.011250251 28.0955280795 0 0.681692660548 25
16.5738781918 29.0973486891 0 0.926047193814 25
144.459467794 27.2373733051 0 0.727907042282 25
253.391087547 27.8030356124 0 0.904231189574 25
245.789146276 26.7030812302 0 0.874510322293 25
177.271535918 27.2500244474 0 0.754023222984 25
77.205009951 29.8341017846 0 0.708798807421 25
88.6147321445 27.7099515622 0 0.774880068776 25
84.2584996952 27.9089620808 0 0.748542098554 25
225.497102876 27.625400821 0 0.708161061087 25
157.623903577 27.2459801467 0 0.847853202384 25
