37.9052272869 27.576282525 0 0.8297289724 25
58.8267945821 25.9625187894 0 0.892493420664 25
139.498999717 27.2351543548 0 0.77968835176 25
16.6274044258 28.1454172928 0 0.660006043653 25
49.0652474074 26.0761005641 0 0.831118246583 25
148.967902625 26.4388910293 0 0.925735338286 25
93.2530734546 28.9103309249 0 0.710001703904 25
247.915157635 27.8622088843 0 0.776507702536 25
135.022566705 25.130602343 0 0.79753500972 25
39.1505699351 28.8935729418 0 0.831415394741 25
217.504105412 25.8008058337 0 0.837979854554 25
135.94552599 27.9963389803 0 0.799985192772 25
61.5763360162 26.3116525732 0 0.862838795821 25
219.52519509 26.7419268824 0 0.949408886955 25
344.50867152 29.3517088922 0 0.908217224712 25
315.407198095 27.5931530131 0 0.811991617071 25
225.812133073 27.3693479626 0 0.904238029479 25
274.558107482 27.1143408965 0 0.916991554353 25
109.458053073 26.2550062355 0 0.69045877473 25
255.597153391 28.0522552715 0 0.781120028971 25
176.515575993 28.2055001564 0 0.913263102064 25
328.338243627 26.2232191898 0 0.68162367141 25
246.590223806 25.0833440956 0 0.852803030516 25
169.387248041 26.3288478205 0 0.861529184803 25
