147.054267641 29.2740687165 0 0.930096381723 25
267.354802118 29.210943889 0 0.75055421363 25
215.948210347 26.9144700728 0 0.93913232095 25
266.30597163 27.5857042008 0 0.672093326006 25
219.893637233 26.3065186194 0 0.899462734354 25
104.130306336 29.8796178619 0 0.879608267037 25
309.647040654 25.8399556034 0 0.714148116036 25
284.381891824 25.5303165455 0 0.915625259402 25
299.266549087 28.253586631 0 0.835625022268 25
190.181165184 25.0025719023 0 0.766349912873 25
296.505202196 25.4921841186 0 0.739986312651 25
14.6088657323 26.2719013141 0 0.938539556089 25
113.258257838 27.118546456 0 0.75564532912 25
125.947097806 25.9813528492 0 0.684914656145 25
271.632878957 26.4117529486 0 0.935367572047 25
126.617726176 25.6650247764 0 0.779047443097 25
48.7776744486 29.8993772634 0 0.707842750523 25
348.56845745 28.166818418 0 0.725712530658 25
4.78320396199 26.6111779664 0 0.660081654852 25
335.458412287 26.3705958413 0 0.769789012042 25
122.603149151 29.0407356417 0 0.770975660533 25
294.04772563 29.3209769656 0 0.834632288056 25
108.319892698 27.9460744763 0 0.83171243062 25
167.648667162 28.820569548 0 0.680810596641 25
