161.576579896 26.2631321859 0 0.704051256588 25
312.42162847 29.734359007 0 0.917460348249 25
205.2197535 29.5711439692 0 0.661811379117 25
337.382314232 29.227303767 0 0.657712803877 25
269.562162611 25.259735214 0 0.687152710041 25
69.6002433987 29.6348397458 0 0.778279142792 25
31.8506359785 27.6967013216 0 0.826475272223 25
127.418496554 25.1175982 0 0.698360957878 25
217.673551448 25.8109767712 0 0.7748662575 25
236.089894331 29.2262511989 0 0.667526071926 25
292.905001858 28.33344761 0 0.895816749427 25
79.9535835544 29.623309208 0 0.737456337243 25
251.850852578 25.67037535 0 0.700515196311 25
243.918707516 25.6621169444 0 0.886674671167 25
216.708430104 28.5769693166 0 0.855561245713 25
246.087393491 26.6517131766 0 0.680071737883 25
12.9861389143 29.1156034801 0 0.779697037624 25
153.037439367 26.540426021 0 0.796794924015 25
153.834844713 25.8691035315 0 0.803918905042 25
104.228024539 28.8232624835 0 0.796116118506 25
210.599873938 25.5680908088 0 0.722402437981 25
247.960762083 28.4873633306 0 0.899824773593 25
150.009613441 27.5188287767 0 0.718626759755 25
237.550682888 25.320930322 0 0.838424159845 25
