257.875460961 26.5492261997 0 0.917338856348 25
339.785044317 27.3298827572 0 0.668568651302 25
231.587690484 28.9331106851 0 0.806248412298 25
113.0611184 26.4967879548 0 0.709932738101 25
248.030979262 26.5615448703 0 0.946838510625 25
33.2213131289 28.7193495105 0 0.931874084957 25
144.168935859 29.9399247166 0 0.701770450791 25
95.2203065816 25.951687098 0 0.814018119523 25
80.3973087327 29.1123066071 0 0.859722231385 25
143.622035505 29.4815589256 0 0.755768168556 25
287.902165409 29.0291924446 0 0.749610833581 25
313.161750241 28.6310349513 0 0.822635257776 25
357.647350916 27.0828376021 0 0.77269466554 25
270.018738732 27.2790095095 0 0.801006804711 25
103.430511097 27.5877345615 0 0.808682418106 25
8.9151365252 25.6077818835 0 0.925518317447 25
123.091940703 29.5542216267 0 0.909067990355 25
91.5555467562 26.4026059263 0 0.904866035308 25
24.5041733739 26.2602367464 0 0.946659086546 25
188.410012328 26.5502645241 0 0.666850388124 25
330.971422735 27.2706877271 0 0.869097545176 25
172.204666911 29.3174447998 0 0.656378719067 25
266.676909927 29.1429926458 0 0.810373605511 25
20.1745125026 26.8723804534 0 0.877747988532 25
