174.466160261 29.9471630563 0 0.848020024202 25
348.599403758 27.6965092421 0 0.815572959896 25
324.341834749 25.6120218335 0 0.741061317645 25
353.084918503 29.5105503286 0 0.662575598628 25
116.190089554 27.4618301668 0 0.812538839009 25
21.0935891868 29.8689482454 0 0.933455657364 25
298.076979566 26.3161922807 0 0.877379719471 25
316.396197637 25.8898792312 0 0.697721387456 25
186.116486231 28.0648746874 0 0.891294700473 25
43.2368383852 27.3289896934 0 0.940210335954 25
145.734135674 25.9066312138 0 0.897043747877 25
1.48736370013 26.9508117325 0 0.92732571143 25
311.296158789 25.4673518628 0 0.796480375491 25
201.018404836 26.444286961 0 0.78775171517 25
107.666158864 29.6085949724 0 0.876290097248 25
14.6956394913 27.0460059765 0 0.762844509009 25
99.9668245613 25.2855491842 0 0.87346908213 25
40.1341068472 26.4988053394 0 0.721319584207 25
286.463995851 29.9728336078 0 0.923767295714 25
240.85413387 29.3535133415 0 0.940973361447 25
131.124126733 29.8760695348 0 0.848137129783 25
49.4296600112 25.9824529941 0 0.866074593102 25
351.031752321 28.5179087664 0 0.741186894047 25
25.4648985594 29.9975347286 0 0.711414102185 25
