305.671998126 26.8638265167 0 0.719559170611 25
50.2514197967 27.7518397575 0 0.694704243363 25
300.582945974 25.4782499687 0 0.875007161268 25
123.651936641 27.5741103671 0 0.844943909273 25
197.004499168 28.3570530255 0 0.903777659347 25
54.8686601825 28.4320449724 0 0.908792319769 25
106.685937053 25.7823626743 0 0.902047321467 25
226.417193938 28.3954342514 0 0.930031480702 25
284.467767357 28.9845021451 0 0.910984366951 25
122.475787139 28.9858274327 0 0.842772013644 25
193.051658023 29.2017228393 0 0.853553803136 25
101.710330108 26.7632008328 0 0.702235950856 25
18.0743010586 26.5399867874 0 0.71629358984 25
345.078832868 25.449134925 0 0.923838114829 25
308.633359909 27.2792235611 0 0.933490619737 25
176.628120026 28.5989554735 0 0.93529361037 25
295.286922873 27.4568985204 0 0.888092033521 25
324.179884906 27.0538423946 0 0.846687403603 25
311.581245033 27.6779172179 0 0.729035504414 25
228.815313047 29.6626019116 0 0.856514441467 25
299.366367419 27.713657496 0 0.805941121686 25
105.403020049 25.1445750522 0 0.819718192554 25
143.631235473 26.4269014535 0 0.812577642378 25
77.7958120408 26.2953168166 0 0.691966536388 25
