169.132810398 28.4219545298 0 0.77306584927 25
201.515533614 27.4361305447 0 0.660715935609 25
161.219389157 25.8523829351 0 0.834617554148 25
37.8731559524 26.2096333187 0 0.843723376012 25
291.625549456 27.1211011076 0 0.725326066711 25
109.709043749 26.0791045988 0 0.75133287137 25
107.786635145 27.0401418151 0 0.836176940877 25
265.626748757 27.3459979649 0 0.922515507222 25
126.921789286 28.6702985002 0 0.659907495348 25
296.646402587 26.857529961 0 0.824805255905 25
171.125678516 25.8695251078 0 0.940356829995 25
337.416159223 26.6377183305 0 0.904772334896 25
147.062416077 26.0684149527 0 0.874692291481 25
35.6342967249 28.8531300776 0 0.945617628916 25
139.882968613 25.471842571 0 0.72398701214 25
347.467264843 28.5877923706 0 0.863022058903 25
80.8221479281 29.7070725793 0 0.927958233501 25
128.088653619 27.6433731165 0 0.924027872961 25
199.543235741 27.5539902257 0 0.872825160132 25
28.3986852509 26.6784651035 0 0.69899547339 25
178.571522107 27.4017952628 0 0.85232406348 25
86.8083915639 27.0712852128 0 0.840637582159 25
9.25753422214 27.5669566155 0 0.65370479667 25
103.211304391 28.6047943482 0 0.757016218766 25
