352.337718578 29.581381699 0 0.831371465114 25
165.839481014 25.8906568393 0 0.80576274806 25
330.082969627 27.4357403501 0 0.812301860483 25
52.1239777476 25.1769588539 0 0.674613308852 25
275.823043274 28.8447819069 0 0.778519923558 25
85.356858396 25.3675988447 0 0.833854613412 25
224.657309843 28.3542529834 0 0.932145330084 25
72.2357247682 25.5456646321 0 0.830996090374 25
293.856637085 26.4761524919 0 0.696320243157 25
219.292510549 27.9867580566 0 0.829019333419 25
209.234918087 26.6811873528 0 0.706724271389 25
56.8764414143 25.0740163415 0 0.759842186347 25
116.415057837 28.0083050659 0 0.871525258196 25
112.514790729 27.0451176073 0 0.755078794714 25
247.571235167 25.4954487875 0 0.716965580229 25
206.269138137 29.1251485969 0 0.801751641451 25
344.902537423 27.8332038162 0 0.86228247797 25
225.882007703 29.0682230676 0 0.91551835727 25
16.5094131727 27.5185595084 0 0.868547926865 25
359.988709469 25.7176321903 0 0.74071200832 25
202.166951898 26.9239154676 0 0.840580397358 25
303.362790408 26.9364042772 0 0.85334692698 25
288.427885024 28.9669741361 0 0.817061206991 25
210.554606835 28.5136977663 0 0.928354218415 25
