157.823844045 28.8921618803 0 0.729921779177 25
309.477186632 25.6886624874 0 0.795189688512 25
213.398075244 25.5255188835 0 0.74065409753 25
151.499441387 26.8340182534 0 0.708387150385 25
96.9361611685 29.2243283164 0 0.879012899782 25
151.19834048 26.9405331286 0 0.82140968764 25
71.7693889922 27.7726888515 0 0.865267097115 25
126.627734592 25.0598893941 0 0.774598938378 25
287.598970152 25.312085421 0 0.823837313901 25
207.368596858 25.238720768 0 0.726193300225 25
67.8947201139 29.7939626964 0 0.842737942463 25
37.4370768473 29.225177221 0 0.672114709656 25
106.457622573 25.7033476304 0 0.737899431099 25
340.223567124 28.370789213 0 0.681363279078 25
27.1815334969 27.2983918031 0 0.850923307921 25
198.630323055 27.6108291549 0 0.696437963838 25
11.0112262126 28.4465671186 0 0.6820585399 25
148.984531992 27.411050454 0 0.684880071677 25
1.46222601658 29.9974787597 0 0.835000090458 25
226.3263314 29.7461012643 0 0.696565617538 25
276.24330607 27.6882205351 0 0.862338882649 25
203.022592789 27.278515408 0 0.899062534333 25
339.744284106 26.2389151922 0 0.670425887347 25
233.615584069 28.3766634535 0 0.845477661626 25
