19.1836529882 25.2068351192 0 0.842924510692 25
70.2229731454 25.3271383799 0 0.705312856657 25
272.700175976 28.5979764603 0 0.718680830307 25
332.694714669 25.0785367169 0 0.669865253607 25
138.250832471 26.0379830733 0 0.680787399557 25
277.308050687 27.6236624639 0 0.764972133224 25
51.4861707648 28.1998412815 0 0.886749798213 25
134.454262581 27.0976195243 0 0.802363858076 25
265.886366549 25.7286974176 0 0.753976322936 25
97.188894621 25.1903888417 0 0.728483945965 25
3.74220495647 27.1819419704 0 0.828976303194 25
94.3771328963 29.1313280454 0 0.893955415101 25
46.0025985275 29.7139747338 0 0.901094031728 25
287.987735072 26.5708256604 0 0.742819735224 25
68.1586342027 26.0561655031 0 0.817397023688 25
143.277203267 26.7209489672 0 0.809003571495 25
75.2470339074 28.9594013865 0 0.858083260801 25
72.4122016929 25.7337995753 0 0.892731185913 25
141.17985997 25.0613195332 0 0.671987901656 25
193.039951451 25.4544963696 0 0.694127967517 25
42.5365189232 27.3607754828 0 0.742359034281 25
270.710564109 29.4351224234 0 0.775999915507 25
277.685492684 29.5353601654 0 0.883948140689 25
281.682821409 28.4233403361 0 0.84108069412 25
