296.652434802 25.5903670187 0 0.863303783814 25
300.766186526 25.429570765 0 0.733646550674 25
14.6413943713 28.6392786236 0 0.721681645205 25
14.4567271387 26.8252188107 0 0.729889210141 25
179.398897261 29.0040968069 0 0.915424713624 25
330.688134491 28.6977733229 0 0.774637126256 25
219.352798499 29.391586494 0 0.829541230372 25
224.496569371 27.1787094754 0 0.856071232774 25
221.420115058 29.185670359 0 0.895288552943 25
260.610682928 27.2490571979 0 0.817657029504 25
98.5212273371 25.6891414207 0 0.897785752406 25
116.190715346 26.7670668483 0 0.830127264119 25
38.2380615986 26.9366560533 0 0.853925021944 25
69.3083572568 25.2827559487 0 0.83554354323 25
17.5304724553 27.4949001097 0 0.809730875475 25
146.248215442 29.1245751451 0 0.802763696401 25
148.52430432 29.2746549995 0 0.784164061121 25
221.783276702 26.8791083489 0 0.92219592882 25
267.395532151 28.9305256151 0 0.703682850613 25
92.6920502449 25.2430169484 0 0.876491386458 25
304.274498929 27.2211659482 0 0.736499034551 25
162.596082088 28.843654524 0 0.724339182101 25
54.9516352002 28.8772200299 0 0.937975117934 25
338.624438386 26.3567734472 0 0.680014452202 25
