338.173875962 26.3518017405 0 0.868895742448 25
1.38277348058 27.8468400295 0 0.886250509026 25
276.479117013 26.5318489768 0 0.670216012603 25
63.7315348482 29.8462586756 0 0.785336435822 25
121.238754064 28.6595235027 0 0.734687926834 25
209.341742436 27.9641146979 0 0.945018526005 25
315.012261893 28.391758777 0 0.778194964654 25
348.233492718 28.9989232486 0 0.76133109764 25
129.59887534 25.5473965028 0 0.805882967097 25
34.355158694 25.7498917292 0 0.931407131257 25
235.874791463 28.8410780617 0 0.73354111363 25
56.73383618 29.529025417 0 0.675170487779 25
267.04977801 28.1633613822 0 0.932770476775 25
33.3092158107 25.4155984783 0 0.654148845027 25
124.320080959 25.9886354842 0 0.863109321181 25
259.42140979 29.1864271087 0 0.861288977441 25
27.560618856 27.1456372156 0 0.877993573829 25
242.571351334 25.8795099368 0 0.708330861752 25
226.487013368 27.6863591655 0 0.904185674381 25
196.972716166 25.3568963765 0 0.826985890789 25
80.0319730233 26.694498246 0 0.759130824109 25
334.681475643 27.3093596098 0 0.875151305037 25
93.866509418 26.9549765958 0 0.826863758894 25
339.509529812 29.2702055474 0 0.754232654959 25
