229.248615798 25.911395054 0 0.751512942525 25
254.089176317 25.0522786983 0 0.651523839609 25
111.48943831 26.4418024594 0 0.878231333079 25
43.699208131 28.2382878078 0 0.925089078244 25
206.043958326 29.7076075265 0 0.849956926221 25
172.991267625 26.5350681691 0 0.847476764669 25
182.073984057 29.1302696268 0 0.849032115423 25
40.3912516207 27.643112589 0 0.748326949615 25
317.86192176 29.5949751362 0 0.696031505824 25
5.62657770345 29.7314444942 0 0.788202488927 25
129.149215464 28.0615619009 0 0.671708799265 25
300.863450134 27.9414240813 0 0.831087976284 25
284.982197909 27.1716219082 0 0.896548959452 25
147.282573728 29.4129128414 0 0.698722434414 25
241.510156057 27.828617857 0 0.862688798396 25
29.6822849158 26.9306987752 0 0.876636219818 25
262.732780189 25.3802624696 0 0.879226590131 25
274.078437932 29.4868983932 0 0.708878055503 25
23.3533420898 29.2313907776 0 0.719347970913 25
192.596470861 27.1160632353 0 0.738214321835 25
64.2155762045 26.1271685832 0 0.731962417186 25
215.209435999 27.0445424918 0 0.822607052837 25
3.01608162761 26.96010353 0 0.718840872298 25
206.752995094 26.5056264504 0 0.761590379268 25
