341.848044443 25.7114065886 0 0.890759050377 25
237.191850428 28.9264575525 0 0.688520950625 25
190.371097136 26.2507144393 0 0.838009403817 25
317.291652343 26.1072586692 0 0.666184688355 25
87.0368168466 26.6710881666 0 0.679002238425 25
222.478191561 27.7948222935 0 0.799745620443 25
217.859820649 26.1751700689 0 0.869220248972 25
209.873851301 29.2150555748 0 0.854030903229 25
93.0422412803 25.2254689743 0 0.914215734795 25
26.3293038327 25.1803403056 0 0.91787278452 25
44.7512240897 29.2863106616 0 0.690278272225 25
293.813247703 29.68692878 0 0.66456109862 25
237.65337916 27.8157271094 0 0.840749891123 25
97.7990699435 25.1190869032 0 0.922734490049 25
53.8253340396 29.035207413 0 0.927516350737 25
18.7987517842 28.6814378861 0 0.798076275826 25
322.436410236 25.6794181613 0 0.698085705959 25
65.2771155639 26.7444229554 0 0.91020526206 25
65.4820118837 25.0174191605 0 0.915939976421 25
352.408913526 27.4122917914 0 0.755944220527 25
150.937271076 27.0252965262 0 0.721439997163 25
224.147041175 29.9262073409 0 0.787132254507 25
137.529533523 29.5620504415 0 0.759179784763 25
22.8112116286 25.0008724323 0 0.869269123642 25
