122.564621407 26.9398451033 0 0.688441423135 25
80.7273575831 25.9154097538 0 0.942013762819 25
87.0031710008 28.0749519925 0 0.879476348273 25
235.918624977 25.8236392827 0 0.937337503809 25
154.96660778 28.1661570881 0 0.663634732392 25
347.636414822 26.4811125176 0 0.700801942421 25
127.496241096 25.6169748641 0 0.916877259277 25
1.61969318738 26.0769649282 0 0.670988044826 25
169.29801705 29.0878531633 0 0.919401603307 25
349.455286994 25.7008421232 0 0.832594480948 25
208.938774543 28.6615897913 0 0.88708449534 25
197.698130741 28.3662639619 0 0.850255421028 25
75.9717997001 25.7940876184 0 0.899720213278 25
42.5490411233 25.9307469716 0 0.749076884969 25
337.785131489 27.1512242597 0 0.864040370574 25
95.0054172251 29.2648944411 0 0.833684366066 25
157.006835321 25.9307867633 0 0.79884586874 25
299.974905751 26.1391018221 0 0.945613815649 25
97.9140808014 27.170794523 0 0.914725420607 25
135.459626293 28.8337199148 0 0.711758184915 25
40.3711146135 27.1249481816 0 0.764730603829 25
50.8747431979 27.1318363966 0 0.73273665294 25
177.18208383 25.9007983587 0 0.870731229094 25
256.408910364 29.540807437 0 0.877956695086 25
