272.869814131 29.9984967967 0 0.650855633234 25
23.0463793655 25.1828265463 0 0.724790913585 25
247.387497379 26.3210062111 0 0.799960821028 25
81.7004149466 25.3902191591 0 0.919781036021 25
101.365469429 25.5276560771 0 0.900580115203 25
141.710086279 29.0883290245 0 0.92363191717 25
133.158726343 25.0738738535 0 0.803291689853 25
117.789651948 26.7780020902 0 0.905978454374 25
115.876659559 25.0663806584 0 0.931914091758 25
219.173877975 25.2462932496 0 0.905004682331 25
67.9613694199 26.8519350911 0 0.795923867137 25
207.071428279 26.6940016038 0 0.945742699176 25
50.1751862949 29.01872953 0 0.767358196072 25
261.660433374 26.0954209232 0 0.655942954279 25
114.912647 25.40894158 0 0.667667962459 25
84.671416713 29.9806295617 0 0.903837150965 25
26.9482805935 27.3180426939 0 0.749842045535 25
51.7865020322 29.7848336922 0 0.879264252898 25
322.529389917 29.9556855241 0 0.936629063873 25
315.090070817 27.9014393069 0 0.656779348513 25
130.892763281 26.1560095702 0 0.71422544877 25
226.230073987 26.9170772478 0 0.809805792131 25
248.42047418 28.6278066296 0 0.71466993333 25
302.89941611 26.0173373243 0 0.888389099456 25
