299.637482361 29.8949137051 0 0.791678833713 25
45.9202577659 27.5112176871 0 0.809722436192 25
354.89513358 28.3185252298 0 0.820927656203 25
51.3052406368 29.1144859193 0 0.852121556968 25
113.917318743 26.1352748122 0 0.922573344624 25
274.509635485 29.9365403409 0 0.80904982269 25
258.206128358 28.334591711 0 0.660854523813 25
11.9966663859 25.2600366358 0 0.854823158667 25
46.404718914 25.1674333049 0 0.808683753224 25
186.879080275 25.7581450551 0 0.904812342039 25
150.345970265 25.1791458705 0 0.712263951315 25
232.548829802 27.2719039438 0 0.885453529153 25
51.2535340719 25.362315907 0 0.833563439835 25
267.212614487 27.5429696917 0 0.88622813895 25
136.522493921 27.8530701416 0 0.881559222789 25
122.476399212 27.9026988543 0 0.94187750666 25
72.1745373673 26.4756533345 0 0.77507800706 25
8.00653002289 26.2261709218 0 0.907627833883 25
71.9240033882 25.4654779646 0 0.801800015503 25
130.145356736 26.3439803428 0 0.881954364122 25
11.0105781424 29.2399407991 0 0.835568829263 25
301.474296675 25.7814962703 0 0.664466884176 25
12.950156622 27.110229856 0 0.753664030596 25
321.545249744 27.1037835361 0 0.913973830034 25
