203.347017723 28.2829682473 0 0.867587911881 25
118.042785486 29.8746286381 0 0.791886714426 25
139.007303065 29.5817140752 0 0.659898845684 25
271.882808356 27.6093483738 0 0.763165785067 25
211.119487343 27.8929734936 0 0.657798833411 25
349.329443437 25.2866627769 0 0.919765444698 25
314.146764796 28.6854541346 0 0.735879586358 25
178.289470724 28.9354071989 0 0.65552686139 25
108.727829707 29.6976420481 0 0.767218193431 25
337.38367993 28.7233357993 0 0.887374508073 25
157.854383323 26.5720445886 0 0.650391141541 25
336.245974995 25.2589270966 0 0.842992532481 25
192.975003604 29.5638367996 0 0.891970969755 25
149.698220656 26.1828923668 0 0.650430675737 25
242.528282181 27.0491780855 0 0.73062799257 25
156.418011688 25.8448222992 0 0.71459825708 25
325.879764379 26.5193271336 0 0.724448471989 25
57.3071606734 29.3666170474 0 0.679662961171 25
42.3581139513 29.442805029 0 0.811312189828 25
263.16114473 27.309325758 0 0.814110104943 25
286.458326979 28.2212256831 0 0.691449350354 25
105.516160818 25.7286846958 0 0.76281672257 25
6.18259681109 28.6693186525 0 0.656554180669 25
157.032134439 28.4127326967 0 0.803957286362 25
