327.83064114 28.339147521 0 0.658845958261 25
81.7874175977 26.9862865849 0 0.844061270442 25
92.5384186558 26.4476355983 0 0.933753736688 25
144.76870123 25.0376449023 0 0.778760481538 25
171.575891521 25.1221758415 0 0.713509763995 25
118.63151506 29.1354372891 0 0.671588403159 25
185.518717949 28.4706457653 0 0.658255019654 25
210.572934259 28.768089012 0 0.745375682223 25
215.074651233 28.4369888604 0 0.877793415175 25
355.072200169 26.9904918794 0 0.792355700788 25
227.398910983 25.539965876 0 0.804722873279 25
131.167643563 29.8198568233 0 0.920988621015 25
36.7048640966 29.6971182527 0 0.938803675899 25
9.21197622833 28.5090716602 0 0.816162993895 25
284.994310856 27.8313790415 0 0.720686124629 25
346.428153832 29.0960136424 0 0.747428859611 25
191.246523372 27.4525165814 0 0.928106145773 25
212.887986546 29.1935448034 0 0.932898285397 25
204.742205732 27.7485112149 0 0.883452941781 25
346.63191846 27.3318430088 0 0.780576327549 25
38.2767976242 27.7386916516 0 0.928816794228 25
287.709658926 27.1994591809 0 0.890814270205 25
261.994304034 26.7073111174 0 0.934224373524 25
24.3757181527 27.7807448075 0 0.843365083874 25
