313.951389918 26.4434328733 0 0.94883314933 25
16.1174511641 29.9274337279 0 0.812430580189 25
225.307499894 29.1617021754 0 0.802035782031 25
332.616970048 29.3681706512 0 0.882110590236 25
260.922911282 27.1375696983 0 0.766179254546 25
286.600070423 29.3804131454 0 0.772598069659 25
42.5660953004 26.4382100726 0 0.818983492064 25
10.3750817792 26.1888120578 0 0.69210945534 25
270.392717703 25.9720975005 0 0.843403533965 25
270.254785281 27.433871258 0 0.685746036848 25
328.095081815 25.1088216573 0 0.734040858363 25
47.864755692 26.1934777906 0 0.823663177851 25
244.177407846 29.6688694711 0 0.659889211619 25
244.15368783 28.4847330767 0 0.778533085201 25
336.724822904 25.563855593 0 0.775346791636 25
114.604851918 29.4486835833 0 0.904275783291 25
258.135470897 25.123460113 0 0.836144359684 25
202.666594401 25.092469003 0 0.651727623542 25
222.610444768 27.4070362333 0 0.784620659308 25
99.4619954514 26.6736873129 0 0.939229408004 25
201.655709373 27.2272530581 0 0.928125074365 25
331.228084699 25.0869140539 0 0.854053561424 25
349.296829443 29.9397106605 0 0.702986755187 25
327.132999613 29.1522768063 0 0.786562274544 25
