292.263864663 28.2819485028 0 0.808429589887 25
123.741735514 27.3326034172 0 0.782823742016 25
196.824009915 29.4906945498 0 0.804583908509 25
160.126985506 29.6018066586 0 0.860400280665 25
164.352339086 29.3327045487 0 0.651084482305 25
312.879404114 25.5868619007 0 0.844198771599 25
246.616626072 29.6809970133 0 0.798502878838 25
262.319444282 26.7204401024 0 0.884956567861 25
334.233771007 27.3595163147 0 0.771087119632 25
133.145609528 29.1236637139 0 0.678832254209 25
188.810180532 25.0863775877 0 0.888650413923 25
156.940828115 28.7782130555 0 0.812377267219 25
194.8618781 29.3848432762 0 0.945933769269 25
316.20227418 28.007126484 0 0.894285727928 25
194.200249814 29.3600018336 0 0.87616305071 25
47.2679562977 28.5025150938 0 0.758676692871 25
67.6158397757 26.0863609695 0 0.84074858805 25
145.002148788 25.6761449451 0 0.81365574251 25
116.471510362 28.1113967633 0 0.750594103214 25
151.090854892 26.4234825277 0 0.865035334362 25
5.76735400475 26.8888278383 0 0.773920751078 25
231.028227699 26.5030883464 0 0.883244579617 25
315.931033147 26.3284425049 0 0.866747849006 25
70.716896045 27.9942775533 0 0.843340827576 25
