196.768799544 27.2879214857 0 0.885296775518 25
106.590699431 28.2443054539 0 0.927795614373 25
133.895644858 26.7021878625 0 0.716403131652 25
19.2777065815 29.2231099763 0 0.796629751437 25
271.835298049 29.8497728341 0 0.924675659282 25
166.129600544 28.0660926409 0 0.689780312425 25
71.6524162096 27.1959465971 0 0.812998262182 25
333.866538527 27.7662231041 0 0.844614315707 25
353.445021628 26.1308396292 0 0.864838694196 25
98.9059905106 26.357432604 0 0.768842360473 25
39.4090726323 26.2870147345 0 0.669524342111 25
168.093414276 25.5064513104 0 0.86324611102 25
151.914846004 26.584120228 0 0.68531136916 25
350.547932988 26.6479128001 0 0.883199672358 25
319.313206062 27.0418022053 0 0.72772723525 25
232.858462232 26.4981321951 0 0.894302003553 25
140.351330008 26.7262216177 0 0.715554288145 25
72.4983934517 25.8027704153 0 0.69665029556 25
192.941314873 26.1092994873 0 0.752495320473 25
313.196725158 28.4707038808 0 0.738667985364 25
316.200831958 27.2458770001 0 0.782463946547 25
286.637231484 29.123110232 0 0.898236766325 25
273.116207176 26.7114216343 0 0.793616313779 25
291.691513046 26.2609546811 0 0.704128740988 25
