75.0906785721 28.3993352327 0 0.839124783413 25
321.54602453 25.128439772 0 0.771769428018 25
318.443451445 29.1501917907 0 0.904253396593 25
204.780663508 28.2929739243 0 0.849273020589 25
22.2516974346 29.0054379646 0 0.763209249142 25
328.481413176 25.5357094965 0 0.830095688097 25
213.482087464 26.6103654298 0 0.823848282654 25
266.763927002 28.016578389 0 0.948065572165 25
197.26327192 25.9659363714 0 0.690712338874 25
148.22018693 29.3405016725 0 0.917334474163 25
291.9128285 26.2999665984 0 0.924907810912 25
239.308088852 29.5617695364 0 0.780285966484 25
135.003059461 26.0736775573 0 0.708411456495 25
100.583598621 29.7691148685 0 0.810902239681 25
259.473468753 29.698448604 0 0.773796320093 25
43.6443995361 28.4171411121 0 0.826595540659 25
27.5924174937 27.0953238737 0 0.796216683196 25
105.073750584 26.2840499691 0 0.77837897408 25
137.842237226 28.7292129206 0 0.905527569581 25
170.674546294 27.3501664614 0 0.813706774712 25
127.064226487 25.6705908423 0 0.654941088663 25
80.937885346 29.66670164 0 0.938505513937 25
165.993092995 26.8034452781 0 0.73921371035 25
39.7341410806 29.2853611381 0 0.744221477534 25
