267.94062948 25.311597067 0 0.841197387724 25
342.765472854 27.2169295443 0 0.701906815428 25
51.017715158 27.5322799391 0 0.810030655383 25
302.876777666 25.4144283011 0 0.694078320475 25
316.134600749 29.0672204766 0 0.712079784679 25
127.348752025 28.5859512273 0 0.925229825225 25
39.435665494 28.8895798782 0 0.756276765189 25
169.811946325 27.132855821 0 0.908260680897 25
82.8300963992 25.8842305069 0 0.897249928044 25
37.2332210947 29.0423538937 0 0.939376706592 25
310.754943056 26.0055404892 0 0.884238517675 25
208.416271989 29.8528772339 0 0.926131297589 25
346.097494232 27.9265990919 0 0.840303679658 25
207.342234065 26.9757852053 0 0.795372448032 25
25.8670077336 27.9347104711 0 0.842527470676 25
135.427080267 25.4743939104 0 0.699396575594 25
259.546664849 28.963766486 0 0.895110685849 25
333.295905206 26.9216369262 0 0.754089485831 25
294.129463862 29.0189691474 0 0.752562883575 25
336.587995078 25.6877692433 0 0.882008239034 25
322.410113334 27.8697615705 0 0.870469451223 25
36.1560579346 25.3535986999 0 0.696803395906 25
0.995520078557 28.3521315517 0 0.764485465553 25
249.552783655 29.848392305 0 0.689884942431 25
