128.463834614 25.2130764218 0 0.8704312615 25
71.6839828727 29.841812426 0 0.890055479149 25
266.337289775 27.6904533507 0 0.94879609416 25
312.113470702 27.424217381 0 0.891436139661 25
197.933245825 25.7545093596 0 0.845322467154 25
99.4146076006 27.2577448592 0 0.792609453806 25
184.599601855 25.0082886423 0 0.889796341537 25
98.5929858479 29.1809208201 0 0.891483366414 25
295.687673875 28.1690673554 0 0.787989882211 25
6.12291318609 25.6649312189 0 0.825685159195 25
94.7036773454 28.8513351421 0 0.923247047746 25
122.992358441 27.4400243317 0 0.866078492417 25
324.080666894 26.4617126047 0 0.930889708953 25
217.592830646 25.3820061412 0 0.718515378737 25
198.899792829 26.5374781812 0 0.731606115556 25
269.786660675 26.0793650995 0 0.698158125381 25
135.151096598 29.3145751192 0 0.823919054846 25
350.743948209 25.3047533167 0 0.920150624799 25
101.056626408 27.7661853268 0 0.947535535216 25
347.292313426 28.1976937564 0 0.826621811433 25
43.2071084806 25.5292741807 0 0.893018373665 25
273.644530604 26.3439440002 0 0.917860531557 25
245.929361936 28.9463132641 0 0.713575644059 25
123.626726815 28.8250908344 0 0.80142578584 25
