14.8114847275 27.8714493633 0 0.715943409116 25
263.415618786 28.6506770336 0 0.937932350176 25
17.2037890071 26.3252237616 0 0.77151562435 25
10.7006830931 26.5597682073 0 0.902414705266 25
262.924404207 27.4101008497 0 0.661683086744 25
149.603259079 29.6339240653 0 0.835902765141 25
197.630632013 29.7986137794 0 0.650351814372 25
339.459895629 28.2647933 0 0.767840924259 25
185.030655325 27.2887090413 0 0.8434646973 25
308.270846105 29.8178636973 0 0.920088463134 25
125.596325685 25.8734440673 0 0.687617740212 25
241.913560267 27.3178580557 0 0.810041857504 25
162.0551085 27.0611231921 0 0.837472729994 25
108.730798453 27.6904995234 0 0.819748531975 25
300.791055074 26.4788311607 0 0.866767298682 25
238.050070205 26.0738855179 0 0.872108561866 25
297.512338772 28.6629160167 0 0.829582179556 25
222.309229197 27.1722051463 0 0.680288952732 25
172.279580191 25.772648586 0 0.687676161696 25
162.450378471 27.0424347803 0 0.795675344575 25
50.2884057807 28.5909046007 0 0.856028015019 25
51.6142476729 29.1317571667 0 0.775485454636 25
290.728163373 25.3098116747 0 0.935728815209 25
47.7122699633 27.53039223 0 0.714932289559 25
