192.733105348 27.5747602957 0 0.798404958055 25
292.195486051 28.9140957055 0 0.925422011385 25
179.937173894 26.8054490235 0 0.941812831235 25
65.8725087069 25.6204141427 0 0.851710426372 25
233.667751792 29.4007799689 0 0.743200244436 25
181.606704117 25.2594198554 0 0.729822740035 25
91.2546263073 28.8835039861 0 0.745838934149 25
320.682054856 29.1625306242 0 0.783207773287 25
26.7502175582 28.685655456 0 0.85644449949 25
85.4669980849 28.3933314464 0 0.785836156355 25
194.973354943 29.9869564374 0 0.913042770807 25
263.70526147 27.9033215395 0 0.652094685869 25
155.923195074 25.50828841 0 0.79831052667 25
262.916751198 28.639676503 0 0.727476280349 25
77.1481800115 26.0463271042 0 0.71228801549 25
327.95886955 27.8242038987 0 0.836942323016 25
5.28989874705 28.4073684136 0 0.868617456744 25
267.122819394 25.2556278963 0 0.936454919874 25
236.683259821 25.8178768256 0 0.828879504805 25
244.838863549 26.9844851507 0 0.836617441988 25
117.348479673 29.1581817924 0 0.658546065691 25
223.701365551 27.5362820394 0 0.836377953293 25
145.373315798 26.6160564406 0 0.693440399039 25
190.538365528 27.7624359292 0 0.816632936112 25
