74.589956899 26.3174625529 0 0.698602980811 25
238.380883079 25.0371499488 0 0.696829990281 25
18.8366873152 27.3387908453 0 0.82937295628 25
333.486943276 26.2007126709 0 0.833331156774 25
197.536553637 26.6273690565 0 0.865561384207 25
73.5618448817 25.7075285615 0 0.845303616089 25
285.198459965 27.4002632767 0 0.884411695612 25
282.087520036 29.0663876064 0 0.882069348026 25
278.879333811 28.3686299587 0 0.872277608156 25
136.501505483 29.0509897379 0 0.837755671639 25
191.683965784 26.340119014 0 0.81314963225 25
43.5314827414 29.2998620272 0 0.902182413547 25
146.331853215 26.3445345726 0 0.861874141455 25
309.548374235 28.6628242801 0 0.841506637594 25
61.4628636308 27.2880897213 0 0.924119782441 25
335.158734531 29.5490998233 0 0.909588733497 25
285.487071715 28.7412849538 0 0.921453426734 25
263.339107267 26.5146339886 0 0.840152885832 25
207.567620112 25.936930109 0 0.841865495904 25
348.264252299 29.6357408345 0 0.812047638335 25
39.7712254494 28.1281775775 0 0.945677275992 25
44.6759189804 25.6681662378 0 0.883077402033 25
24.509701698 26.2245677974 0 0.713228295524 25
177.654131221 28.1161798944 0 0.835689308354 25
