71.7989825543 25.9894517179 0 0.866808642768 25
95.3543700583 29.7785115701 0 0.846356278513 25
322.188030119 25.7107958871 0 0.671030006234 25
334.005059546 28.6918367451 0 0.91630410703 25
165.917328249 29.229171013 0 0.70695971953 25
294.958079211 25.0814368 0 0.919321309472 25
245.589679239 28.0407324725 0 0.896638229952 25
179.191761408 25.7548796968 0 0.815361603722 25
134.913985606 29.1465435605 0 0.725861481486 25
265.02059985 27.7530897195 0 0.795033047433 25
263.882400709 26.0302685827 0 0.712186415437 25
161.186122404 28.3176814527 0 0.862818845901 25
151.069246906 29.9086818962 0 0.890360403868 25
297.76060703 28.0534085564 0 0.842679804129 25
233.312113141 28.0880843128 0 0.806184115544 25
57.0296514792 26.2603137464 0 0.926654559148 25
209.799664284 29.9240488295 0 0.692652370187 25
227.700117144 29.5994060569 0 0.821493020636 25
237.532367263 29.7709736523 0 0.769308508596 25
249.537201779 28.080027445 0 0.926397809405 25
354.189400607 26.8084086804 0 0.886935380317 25
172.316086816 28.3976150227 0 0.914223983799 25
159.898327413 26.1683989152 0 0.697559729366 25
188.457561559 28.4882980648 0 0.657267116493 25
