17.1695906918 28.4361587523 0 0.919011356707 25
185.025240715 28.2371473707 0 0.770938640838 25
186.774712455 25.7681389452 0 0.69371537693 25
21.8328336468 27.5668826905 0 0.759482897055 25
326.827872192 28.8702942415 0 0.892840670346 25
173.793531817 29.7625911811 0 0.920857072993 25
47.5228522535 28.8979539148 0 0.767680789308 25
293.025961157 26.9735062966 0 0.761153878219 25
207.259707227 29.0478372992 0 0.738446497978 25
276.762649453 26.5905122455 0 0.746565315371 25
327.989060852 28.1784692689 0 0.76080795057 25
67.9437864836 26.9186560627 0 0.769793446147 25
223.89836539 25.0192421966 0 0.718177139261 25
326.804486709 28.3696708888 0 0.714814837967 25
146.596719313 29.7847118196 0 0.719302217272 25
109.990031048 27.2661028074 0 0.781885787404 25
295.035790445 28.835609775 0 0.927322614825 25
192.094664579 27.2069567982 0 0.67591878303 25
337.709150867 26.5688575769 0 0.749284901557 25
279.021542069 25.174823466 0 0.885099707687 25
347.372985466 28.0274735531 0 0.656183570728 25
60.1775268391 25.8742656202 0 0.785714053295 25
1.43091430935 25.4165682013 0 0.837608432252 25
195.496934074 28.8365953559 0 0.702183175191 25
