216.681100896 25.8783097445 0 0.944196415848 25
303.76988737 25.7999560519 0 0.839425780654 25
248.982982288 28.9577183611 0 0.83636782402 25
96.1071609794 27.1581029364 0 0.923973482894 25
202.898927744 27.2410361172 0 0.665022675542 25
281.504957718 26.8527392192 0 0.839142514678 25
193.000100535 26.4959794109 0 0.912098381443 25
156.054444613 25.7225632207 0 0.695548580656 25
18.9749417251 27.2367341314 0 0.656380144791 25
173.165469717 26.5837386956 0 0.889562518252 25
103.636958658 25.9122519959 0 0.912525428203 25
40.6087599015 28.4389277992 0 0.675307462717 25
271.713026703 25.1492644689 0 0.886749166315 25
186.562428011 28.7944091928 0 0.726621875131 25
116.234061892 29.0098775192 0 0.808003042666 25
298.792015126 26.706531079 0 0.696100009765 25
191.949706482 29.3764421512 0 0.652965415665 25
215.382490687 27.5714666434 0 0.706129547018 25
34.6962244558 26.967608516 0 0.831656479093 25
131.880007803 26.420384563 0 0.852463063064 25
326.421594487 29.0316186116 0 0.790311739218 25
144.061725424 28.3802057085 0 0.650154152254 25
280.867007899 26.8724313137 0 0.879908957514 25
224.41271134 25.1562823327 0 0.731927046943 25
