254.541546668 26.0748110079 0 0.822150961326 25
185.610228551 27.6269092176 0 0.691836447195 25
326.74675621 29.4838276104 0 0.917422099516 25
281.557169584 27.7178680055 0 0.848165235554 25
228.568123499 27.9212180708 0 0.721228123384 25
150.220919959 28.5915896808 0 0.843125234521 25
290.94620554 29.002053881 0 0.693246890207 25
49.8333748391 28.0863079023 0 0.923222419278 25
84.1623388868 29.7100141938 0 0.655535129439 25
32.3650968332 27.7354406742 0 0.70935627615 25
311.942712235 26.8157119223 0 0.841266461582 25
192.323104908 29.1811598349 0 0.859981940341 25
221.931805861 25.2746279289 0 0.887841131229 25
20.3827367621 25.0661045933 0 0.924219695013 25
155.573755789 28.2073616893 0 0.848303107275 25
127.076148029 25.8141202263 0 0.72887693437 25
255.313385636 26.0636246752 0 0.707005277741 25
201.47658453 27.6092310206 0 0.936633789468 25
263.117162335 25.4537350773 0 0.718439543225 25
104.892331852 26.63765684 0 0.822198703876 25
294.431131047 26.6296395161 0 0.776907069039 25
337.462908244 28.0842028957 0 0.730916348671 25
297.148745637 25.2532407028 0 0.686475667481 25
25.4633974579 27.7048703073 0 0.771989071881 25
