87.0641688958 26.0201004247 0 0.93366511115 25
137.234091944 29.6180922902 0 0.749540904485 25
234.301256284 27.4977110763 0 0.76550222047 25
64.2036045955 28.4213497599 0 0.678882898642 25
5.77244502793 28.6491585688 0 0.884527400785 25
236.413917184 28.5095626295 0 0.859158671541 25
292.965526108 28.594839751 0 0.787404770593 25
8.60051292413 29.8580685664 0 0.741412058388 25
229.807177287 27.9022613756 0 0.817188578682 25
234.994334546 29.9222677955 0 0.901955213628 25
149.167662861 26.6845812724 0 0.822286455677 25
343.499098989 27.8637004476 0 0.717203718767 25
17.1974786796 29.7066579296 0 0.793581130066 25
151.578496127 27.9392794714 0 0.696410287438 25
203.903475809 25.745854501 0 0.802961956976 25
254.702173381 26.3167966274 0 0.746349975534 25
123.865368961 26.9045607408 0 0.71834548759 25
193.116200583 26.5302400877 0 0.792973813028 25
218.072458137 29.4447943591 0 0.869313677765 25
99.6672995152 26.1443568212 0 0.72494420135 25
269.442745728 25.1368622884 0 0.727314812883 25
179.956673972 25.2421119481 0 0.661205750792 25
295.748828989 26.4105717366 0 0.748097874376 25
27.6210986172 26.4152667501 0 0.705050802692 25
