169.879448013 26.4675812202 0 0.93203327275 25
341.016604994 26.6593916201 0 0.692307326317 25
276.478693514 29.2462124951 0 0.70270710931 25
57.0936334704 27.1632672177 0 0.852705529725 25
58.4198432277 29.8450977937 0 0.949129158975 25
305.911696412 28.0121374158 0 0.94693482681 25
358.617930851 29.8128430631 0 0.808044805624 25
125.559725304 27.0587992375 0 0.758000332257 25
47.4591357438 27.1461853233 0 0.694092835923 25
110.036649317 27.006616578 0 0.802351891646 25
148.534139136 29.0503171763 0 0.676807262391 25
165.656399378 28.1851101721 0 0.939720909817 25
107.494762302 25.5342603759 0 0.905121190006 25
260.945430837 25.5758383296 0 0.797530738517 25
277.96799052 28.8988854719 0 0.665885664484 25
126.494890547 26.3239313513 0 0.878811505109 25
274.715150535 25.7996786742 0 0.758083183296 25
126.610791029 29.1139486307 0 0.758414161557 25
200.946040043 28.0925662852 0 0.65849455717 25
208.280805876 27.3245893317 0 0.89890272887 25
62.5018095839 27.3519950348 0 0.905599486367 25
340.479519421 28.3765146249 0 0.917997317528 25
57.6555425616 26.7994636709 0 0.787537972686 25
185.128249781 29.9274288066 0 0.770100403128 25
