111.143690263 28.3733266504 0 0.932873079895 25
268.113983313 29.6946587723 0 0.886611533524 25
126.755011565 29.1404323898 0 0.802985926262 25
159.206094825 26.7382961286 0 0.838517881316 25
243.235954232 25.8019507997 0 0.710538978118 25
17.1687507433 28.7414367873 0 0.754918193274 25
279.983916299 25.1476354669 0 0.696760972277 25
274.781105768 29.9134814034 0 0.93639797713 25
322.703944014 28.8255581966 0 0.720587970731 25
166.945075488 25.1531839819 0 0.94725877182 25
60.6035735903 28.6400905324 0 0.845797865819 25
271.407356269 28.2074830914 0 0.938536896753 25
349.388664712 27.732330514 0 0.894725917432 25
201.216754838 27.2478417955 0 0.815448579715 25
98.3089460455 26.8152189231 0 0.742897018297 25
345.318676882 25.4288625596 0 0.774997837418 25
289.231352663 29.3664202239 0 0.917951345981 25
358.471561848 26.5175468042 0 0.84476492027 25
191.413991157 25.2146632218 0 0.828877884191 25
250.908931234 29.1024451723 0 0.77734321558 25
98.6101908378 29.9190723668 0 0.864517754967 25
95.5315460278 26.719177462 0 0.888960061027 25
60.0079698517 26.7988781343 0 0.941045086945 25
7.64295297301 29.7620689433 0 0.801973563591 25
