-1.200628 -1.199372 -1.200000 2.078461
-1.199372 -1.200628 -1.200000 2.078461
1.199372 -1.200628 -1.200000 2.078461
1.200628 -1.199372 -1.200000 2.078461
1.200628 1.199372 -1.200000 2.078461
1.199372 1.200628 -1.200000 2.078461
-1.199372 1.200628 -1.200000 2.078461
-1.200628 1.199372 -1.200000 2.078461
-1.200628 -1.199372 1.200000 2.078461
-1.199372 -1.200628 1.200000 2.078461
1.199372 -1.200628 1.200000 2.078461
1.200628 -1.199372 1.200000 2.078461
1.200628 1.199372 1.200000 2.078461
1.199372 1.200628 1.200000 2.078461
-1.199372 1.200628 1.200000 2.078461
-1.200628 1.199372 1.200000 2.078461
-0.001017 -1.941641 -0.741641 2.078461
0.001017 -1.941641 -0.741641 2.078461
-0.001017 -1.941641 0.741641 2.078461
0.001017 -1.941641 0.741641 2.078461
0.001017 1.941641 -0.741641 2.078461
-0.001017 1.941641 -0.741641 2.078461
0.001017 1.941641 0.741641 2.078461
-0.001017 1.941641 0.741641 2.078461
-0.741641 0.000388 -1.941641 2.078461
-0.741641 -0.000388 -1.941641 2.078461
-0.741641 0.000388 1.941641 2.078461
-0.741641 -0.000388 1.941641 2.078461
0.741641 -0.000388 -1.941641 2.078461
0.741641 0.000388 -1.941641 2.078461
0.741641 -0.000388 1.941641 2.078461
0.741641 0.000388 1.941641 2.078461
-1.942029 -0.740624 0.000000 2.078461
-1.941252 -0.742657 0.000000 2.078461
-1.941252 0.742657 0.000000 2.078461
-1.942029 0.740624 0.000000 2.078461
1.941252 -0.742657 0.000000 2.078461
1.942029 -0.740624 0.000000 2.078461
1.942029 0.740624 0.000000 2.078461
1.941252 0.742657 0.000000 2.078461
