48.9125763558 27.8476074805 0 0.760271551547 25
86.2702270776 29.3931969196 0 0.714886105672 25
11.3584494018 25.1041796461 0 0.877749689365 25
204.579477507 27.6041285752 0 0.686628865555 25
229.230127639 27.705684837 0 0.688715958858 25
63.2446449705 25.3742801543 0 0.753991842232 25
45.2381013885 26.0346391417 0 0.79429623612 25
109.777436343 26.5419251931 0 0.798560084539 25
134.638540152 28.455612987 0 0.758390068189 25
175.652370015 25.6539803234 0 0.650460414069 25
154.392685548 29.3728236977 0 0.737757196652 25
207.249797798 29.6070416562 0 0.76458533851 25
262.923419297 28.9225644807 0 0.806167423387 25
325.532284396 26.1523710583 0 0.747105941516 25
117.299096205 25.3164323415 0 0.863349215386 25
5.0036609368 29.6986157934 0 0.845922195338 25
296.777272727 25.7704970954 0 0.861038568732 25
180.911432667 27.922710556 0 0.885103809328 25
266.872267721 26.8255380049 0 0.677502424834 25
62.2049705736 27.8789050869 0 0.73713185004 25
46.2346801301 25.5232882329 0 0.938338473646 25
154.799401765 26.9939531239 0 0.671057023578 25
256.921182985 28.434220998 0 0.700929683938 25
158.229243921 28.3028252987 0 0.812755482518 25
