79.0515978565 25.8234932866 0 0.741437073593 25
315.545512956 29.2018161377 0 0.814151332186 25
62.1499014838 28.5818877986 0 0.780436475236 25
266.618642219 28.9526868365 0 0.903689749119 25
180.604460407 29.2252757325 0 0.766926576097 25
347.422705465 28.7590872496 0 0.766006824912 25
92.3718777748 26.0016102628 0 0.761965373675 25
130.124174272 29.3763720745 0 0.698127953172 25
338.753666323 29.4748269036 0 0.791455570834 25
82.487136176 29.6121006624 0 0.901474695751 25
148.514491098 28.0619458889 0 0.91348815882 25
232.987720037 25.5192006965 0 0.666368919166 25
134.136603135 29.7210539155 0 0.738078023762 25
358.68363193 29.634638199 0 0.828664582997 25
75.8301438719 26.8604486622 0 0.745361146599 25
266.631363162 28.6300872768 0 0.748309568937 25
196.022387299 26.943234773 0 0.807879201872 25
320.005975786 29.4621907203 0 0.925088843832 25
32.0716910171 29.7063174152 0 0.856718039514 25
127.896184435 27.0052764156 0 0.739479765815 25
155.231294729 29.6260469497 0 0.668468743669 25
282.580343248 25.5210129789 0 0.848713143701 25
116.052102476 26.0170432205 0 0.942399588309 25
188.079517302 28.0163034354 0 0.743575369296 25
