146.296779382 28.6605173536 0 0.686072596555 25
104.498805973 28.504710233 0 0.740326410743 25
246.10316658 25.4893671074 0 0.748355813908 25
94.9206942849 28.9524506761 0 0.89361557663 25
304.267075952 25.2466716137 0 0.70898517383 25
79.7686628864 29.8273677046 0 0.695638225226 25
243.541420248 26.7202420956 0 0.94727340008 25
50.2260090179 27.8917893614 0 0.678699938826 25
349.829461544 28.1183396277 0 0.766844002457 25
120.694859966 27.3353507312 0 0.813912891948 25
69.0023069676 27.3102193042 0 0.731017997559 25
310.424626853 27.7566131957 0 0.876243463863 25
269.055120624 27.2830640156 0 0.900097633787 25
99.9533348147 26.6645517321 0 0.883035446478 25
327.641220634 28.8435397769 0 0.756938801263 25
315.264481985 29.113449248 0 0.843972836158 25
262.93513939 28.2985913406 0 0.922366115516 25
192.702194372 29.7239366154 0 0.885567840989 25
209.322196384 28.7858382321 0 0.872272546678 25
112.292402425 25.0272652839 0 0.6765105536 25
200.685204835 27.3452596741 0 0.65679939593 25
195.323810361 28.6278973081 0 0.77510470424 25
46.5070775256 29.9237092825 0 0.799372428631 25
320.515767331 25.8816661518 0 0.779059121846 25
