297.694440465 28.096057226 0 0.740618827232 25
309.692305041 26.3281149782 0 0.788558232215 25
169.683284121 26.8850192835 0 0.702752031787 25
166.046845315 27.614346174 0 0.703172993656 25
252.400761464 28.9346867811 0 0.930294990948 25
184.807053096 29.7592689264 0 0.813121458134 25
208.318395463 25.7060360045 0 0.883172402257 25
52.7880914592 26.9894388995 0 0.90783925304 25
312.541654713 25.538463652 0 0.931836600698 25
101.007502571 27.8986034272 0 0.806383389504 25
56.8470482476 25.7398173189 0 0.726699491729 25
200.28516302 27.4107505514 0 0.841388202281 25
160.056156686 25.7288810427 0 0.674700822892 25
248.221330823 25.8863975468 0 0.672763338943 25
203.442400364 29.1358114349 0 0.66586481387 25
159.30472737 28.4004775652 0 0.915026238267 25
253.483921703 28.7677663431 0 0.746347689628 25
106.61082238 29.2094809511 0 0.892437863877 25
238.836037552 25.5669661278 0 0.895345261219 25
232.590864038 28.9561897408 0 0.889056609106 25
104.701560969 27.0505731687 0 0.676453417834 25
173.09778851 27.2042752353 0 0.856602455224 25
326.560089607 28.8958900555 0 0.892732840538 25
24.3432072611 27.8589174841 0 0.813972670344 25
